0
2
3
4
5
7
8
9
10
11
12
13
14
16
17
18
19
21
23
24
25
26
27
28
31
33
34
35
36
37
40
41
42
43
44
45
46
47
50
51
52
56
57
58
59
60
63
64
66
68
69
70
71
72
73
74
75
76
77
80
81
82
83
84
86
88
90
92
93
94
97
98
99
100
101
102
103
104
105
107
108
109
110
111
112
113
114
115
116
117
119
120
121
122
124
125
126
127
130
131
132
133
134
135
136
137
138
139
140
141
142
143
144
145
146
148
149
150
151
152
153
154
155
156
157
158
159
160
161
162
163
165
166
167
168
169
171
172
173
174
175
178
180
183
184
187
188
189
190
191
192
193
194
195
196
198
199
200
201
203
206
207
208
210
211
213
216
217
218
219
221
222
223
224
226
228
230
232
233
234
236
240
241
242
243
244
245
246
247
249
250
252
253
254
255
256
257
259
260
261
262
263
264
266
268
269
270
271
274
276
277
278
279
281
284
285
286
287
288
289
290
291
292
293
295
297
301
302
303
305
306
307
310
311
312
313
314
315
316
318
320
322
325
326
329
330
332
333
335
336
337
338
339
341
343
344
345
350
352
353
355
358
359
360
361
363
364
365
366
369
370
371
373
375
376
377
378
379
380
381
382
383
385
386
387
389
390
391
393
394
396
397
398
399
400
401
403
404
406
407
408
410
411
413
414
415
416
417
418
419
421
422
424
425
427
430
431
434
435
436
438
439
440
442
444
446
448
449
450
452
454
456
458
459
460
461
462
463
464
467
468
472
473
474
476
478
484
485
486
487
488
490
492
493
494
495
497
498
499
501
502
504
505
506
508
511
513
514
515
516
517
518
520
521
523
524
526
527
528
531
532
533
534
535
538
539
540
542
543
544
545
546
547
548
549
550
553
554
556
557
558
560
563
565
566
568
569
572
573
574
575
578
579
580
581
582
585
587
590
593
595
596
597
598
599
600
601
602
603
604
605
606
608
610
611
612
613
614
615
616
617
619
620
624
625
627
628
629
630
631
632
633
634
635
638
640
641
642
643
646
647
648
649
651
652
653
657
660
661
663
664
665
666
667
668
669
672
673
674
675
676
677
678
680
681
682
683
684
686
687
689
690
695
696
697
699
700
701
702
703
704
705
706
707
709
710
713
714
716
717
718
719
720
721
722
723
724
725
726
727
728
729
730
731
732
734
735
736
737
738
741
742
744
745
746
747
749
750
751
752
754
755
756
758
759
760
762
764
765
767
768
769
770
771
773
775
776
777
779
780
782
784
786
789
790
793
794
795
796
798
799
800
801
802
803
809
810
811
813
815
816
817
818
819
820
824
825
826
828
829
830
831
832
833
834
835
836
838
839
840
841
843
844
845
848
849
851
852
853
854
855
858
860
861
862
863
864
866
867
870
872
875
879
880
883
884
885
888
889
891
893
894
897
899
900
901
902
906
908
909
911
912
914
915
916
917
918
919
920
921
922
923
924
926
927
928
929
931
934
935
936
938
939
941
942
945
946
947
948
949
950
952
953
954
955
956
957
959
960
961
964
965
967
969
970
971
972
973
974
975
977
978
979
981
982
983
984
985
986
987
989
990
991
992
993
994
995
997
1000
1002
1003
1004
1005
1008
1009
1010
1011
1012
1014
1015
1016
1017
1021
1022
1023
1024
1025
1027
1028
1029
1031
1032
1033
1034
1037
1038
1039
1040
1042
1043
1050
1051
1052
1053
1054
1055
1056
1057
1058
1059
1061
1062
1063
1064
1065
1066
1067
1068
1070
1071
1072
1074
1075
1077
1078
1079
1080
1081
1082
1083
1084
1085
1086
1087
1088
1089
1091
1092
1094
1095
1097
1098
1099
1100
1103
1104
1107
1108
1109
1111
1112
1113
1114
1116
1119
1120
1121
1122
1123
1126
1128
1131
1132
1133
1134
1135
1136
1137
1140
1142
1144
1145
1146
1147
1149
1150
1151
1153
1154
1155
1156
1157
1158
1160
1161
1162
1163
1164
1166
1167
1168
1169
1170
1171
1172
1174
1175
1176
1178
1180
1181
1182
1183
1184
1185
1188
1189
1190
1191
1192
1193
1194
1195
1196
1197
1198
1199
1200
1202
1203
1204
1205
1206
1211
1213
1214
1216
1217
1218
1219
1220
1224
1226
1227
1228
1229
1230
1234
1236
1238
1239
1240
1241
1243
1244
1248
1249
1250
1251
1252
1254
1255
1257
1258
1259
1260
1262
1263
1264
1265
1267
1270
1272
1274
1275
1277
1279
1280
1281
1282
1283
1284
1285
1287
1288
1289
1290
1291
1293
1294
1295
1296
1297
1298
1299
1300
1301
1302
1303
1304
1305
1308
1309
1311
1315
1317
1318
1319
1320
1321
1322
1326
1328
1329
1330
1332
1333
1335
1336
1337
1338
1339
1340
1341
1342
1343
1344
1346
1347
1348
1351
1353
1354
1355
1356
1357
1359
1360
1361
1362
1364
1366
1367
1368
1369
1370
1371
1374
1375
1377
1379
1380
1381
1382
1383
1385
1386
1387
1389
1392
1393
1395
1396
1397
1398
1399
1400
1402
1403
1404
1405
1407
1409
1410
1411
1413
1414
1416
1417
1418
1419
1420
1421
1422
1423
1424
1425
1426
1427
1428
1429
1430
1432
1433
1434
1436
1438
1439
1440
1445
1447
1448
1449
1450
1451
1456
1457
1458
1459
1460
1461
1462
1464
1466
1467
1468
1469
1471
1475
1476
1479
1480
1482
1483
1485
1487
1488
1489
1490
1491
1496
1497
1500
1502
1503
1504
1505
1506
1509
1510
1511
1512
1513
1514
1515
1517
1518
1519
1521
1522
1524
1525
1526
1527
1528
1529
1530
1531
1532
1533
1534
1535
1536
1538
1540
1541
1542
1543
1546
1547
1548
1551
1554
1555
1556
1558
1559
1561
1562
1563
1564
1565
1566
1567
1570
1571
1573
1574
1575
1576
1577
1579
1580
1581
1582
1583
1584
1586
1587
1589
1590
1591
1592
1593
1594
1595
1596
1597
1598
1599
1602
1603
1604
1605
1612
1613
1614
1615
1617
1620
1621
1624
1625
1629
1630
1631
1632
1634
1635
1636
1638
1639
1640
1641
1642
1643
1644
1649
1650
1651
1652
1653
1655
1657
1661
1662
1663
1664
1666
1667
1669
1670
1673
1675
1677
1678
1679
1680
1684
1685
1686
1689
1691
1692
1693
1695
1696
1698
1699
1701
1702
1704
1706
1707
1708
1709
1710
1712
1713
1715
1716
1717
1718
1719
1723
1724
1725
1726
1729
1730
1731
1733
1734
1736
1737
1740
1741
1742
1743
1744
1745
1746
1751
1752
1754
1755
1756
1757
1758
1760
1765
1766
1767
1768
1769
1771
1772
1773
1774
1775
1776
1778
1779
1782
1783
1784
1785
1786
1787
1788
1789
1793
1794
1795
1796
1797
1798
1799
1800
1801
1802
1804
1806
1807
1809
1810
1813
1817
1821
1822
1823
1824
1825
1826
1828
1829
1830
1831
1834
1835
1836
1837
1838
1839
1840
1841
1842
1843
1844
1845
1846
1847
1850
1851
1852
1854
1855
1856
1857
1859
1862
1863
1864
1866
1867
1868
1869
1870
1871
1875
1876
1877
1878
1879
1881
1882
1883
1884
1887
1889
1890
1893
1894
1900
1901
1902
1905
1907
1908
1909
1910
1911
1913
1915
1916
1917
1918
1920
1921
1922
1923
1924
1925
1926
1930
1931
1932
1933
1935
1937
1938
1939
1941
1942
1943
1944
1945
1947
1948
1950
1951
1952
1953
1954
1955
1956
1957
1958
1959
1960
1963
1965
1967
1968
1969
1972
1974
1976
1977
1978
1979
1981
1982
1983
1984
1985
1987
1988
1989
1993
1996
1997
1998
1999
2001
2004
2008
2009
2011
2013
2015
2016
2017
2018
2023
2024
2025
2027
2028
2029
2030
2031
2032
2033
2035
2036
2037
2039
2040
2042
2044
2045
2049
2050
2051
2052
2053
2054
2056
2057
2058
2059
2060
2061
2063
2064
2066
2067
2068
2069
2070
2071
2072
2073
2074
2075
2076
2078
2079
2082
2083
2084
2085
2086
2087
2088
2089
2090
2093
2096
2098
2104
2105
2107
2108
2109
2110
2111
2112
2114
2115
2117
2119
2120
2121
2122
2123
2124
2125
2127
2128
2130
2131
2132
2133
2134
2135
2136
2138
2139
2141
2142
2143
2144
2145
2146
2147
2148
2149
2152
2154
2155
2156
2157
2158
2159
2160
2161
2162
2163
2165
2166
2168
2169
2170
2171
2172
2173
2174
2175
2176
2177
2178
2179
2180
2181
2182
2186
2187
2189
2191
2192
2194
2195
2197
2198
2200
2201
2202
2203
2204
2205
2206
2208
2209
2210
2212
2213
2214
2215
2216
2217
2220
2221
2222
2223
2224
2225
2226
2229
2230
2233
2234
2235
2236
2237
2238
2239
2240
2241
2243
2244
2245
2246
2249
2250
2251
2252
2253
2254
2256
2257
2258
2259
2261
2262
2264
2266
2269
2270
2271
2274
2275
2277
2280
2282
2283
2284
2285
2286
2287
2288
2290
2292
2295
2297
2300
2301
2302
2303
2304
2308
2309
2311
2312
2313
2315
2317
2319
2320
2321
2322
2323
2324
2325
2326
2327
2329
2330
2331
2333
2334
2335
2336
2337
2340
2341
2342
2343
2345
2346
2347
2348
2349
2350
2351
2353
2354
2355
2356
2357
2358
2359
2360
2361
2362
2367
2368
2369
2371
2372
2374
2375
2377
2378
2380
2381
2382
2387
2388
2389
2390
2391
2392
2393
2394
2395
2396
2398
2399
2400
2402
2404
2405
2406
2408
2409
2412
2413
2417
2418
2420
2423
2424
2425
2429
2430
2431
2432
2434
2435
2436
2437
2438
2440
2441
2442
2444
2445
2447
2448
2450
2451
2452
2453
2454
2455
2458
2459
2460
2463
2464
2465
2466
2467
2468
2469
2471
2472
2473
2475
2476
2477
2478
2479
2480
2481
2483
2484
2485
2486
2487
2488
2496
2497
2499
2500
2501
2502
2503
2504
2506
2508
2509
2510
2512
2514
2515
2516
2517
2518
2522
2523
2524
2526
2529
2530
2531
2532
2533
2534
2536
2537
2539
2540
2542
2543
2544
2546
2548
2549
2550
2552
2554
2555
2556
2557
2558
2559
2560
2561
2562
2564
2565
2567
2568
2570
2571
2572
2573
2574
2575
2576
2577
2578
2579
2581
2582
2584
2585
2586
2587
2589
2590
2592
2593
2594
2596
2597
2599
2602
2604
2605
2607
2608
2609
2610
2611
2612
2613
2615
2617
2618
2619
2620
2621
2622
2623
2624
2625
2626
2627
2628
2630
2632
2633
2634
2635
2636
2637
2639
2640
2641
2643
2644
2646
2647
2648
2649
2650
2651
2652
2653
2654
2655
2657
2659
2660
2661
2662
2663
2664
2665
2666
2667
2669
2671
2672
2673
2675
2676
2678
2680
2681
2682
2683
2684
2685
2686
2688
2689
2690
2691
2692
2693
2694
2695
2697
2700
2701
2702
2703
2706
2708
2709
2710
2711
2712
2713
2714
2715
2718
2719
2721
2722
2723
2726
2729
2730
2732
2733
2734
2735
2736
2737
2738
2740
2742
2743
2745
2746
2747
2748
2750
2751
2752
2755
2756
2757
2759
2761
2762
2763
2766
2767
2769
2770
2771
2772
2774
2778
2781
2782
2784
2785
2786
2787
2788
2789
2792
2793
2794
2795
2796
2797
2798
2799
2800
2802
2803
2804
2806
2808
2810
2811
2812
2813
2814
2815
2816
2817
2818
2819
2820
2822
2823
2824
2828
2829
2830
2832
2833
2834
2835
2836
2840
2841
2842
2843
2844
2846
2847
2848
2851
2852
2855
2856
2857
2860
2861
2862
2863
2864
2865
2866
2867
2870
2871
2872
2873
2874
2875
2877
2878
2879
2881
2887
2889
2890
2892
2894
2895
2900
2904
2905
2907
2909
2910
2912
2913
2914
2915
2916
2919
2920
2922
2923
2924
2928
2929
2931
2932
2933
2934
2935
2936
2937
2938
2939
2940
2942
2943
2944
2945
2946
2947
2948
2949
2950
2951
2952
2953
2954
2955
2956
2957
2958
2960
2962
2963
2967
2968
2969
2973
2974
2975
2976
2977
2978
2979
2981
2982
2983
2984
2985
2986
2987
2988
2989
2990
2991
2992
2993
2994
2995
2997
2998
2999
3000
3001
3002
3003
3004
3005
3007
3008
3009
3010
3015
3016
3019
3020
3021
3022
3023
3026
3028
3029
3030
3031
3034
3036
3039
3041
3043
3044
3046
3049
3050
3052
3053
3054
3055
3057
3058
3060
3062
3063
3064
3065
3066
3069
3070
3072
3073
3074
3075
3076
3077
3080
3081
3082
3083
3085
3086
3088
3089
3090
3091
3093
3094
3097
3098
3099
3100
3101
3102
3103
3104
3106
3108
3109
3110
3112
3113
3114
3115
3116
3118
3119
3120
3121
3122
3123
3124
3125
3126
3128
3129
3131
3132
3133
3134
3135
3136
3138
3140
3142
3143
3144
3145
3146
3147
3148
3149
3150
3151
3152
3153
3154
3155
3157
3158
3159
3161
3162
3163
3168
3169
3170
3172
3173
3174
3175
3176
3177
3178
3179
3180
3181
3183
3187
3188
3189
3191
3192
3193
3194
3195
3196
3199
3200
3201
3202
3203
3206
3209
3210
3211
3212
3215
3217
3218
3220
3221
3222
3223
3224
3225
3226
3228
3229
3230
3232
3234
3238
3239
3240
3243
3246
3247
3248
3249
3251
3252
3253
3255
3256
3259
3260
3261
3262
3264
3267
3269
3270
3271
3272
3274
3276
3277
3279
3281
3283
3284
3285
3287
3288
3290
3291
3293
3294
3295
3296
3298
3299
3300
3301
3304
3305
3306
3308
3309
3310
3311
3312
3313
3315
3316
3317
3318
3319
3321
3323
3324
3329
3330
3331
3332
3334
3335
3336
3339
3340
3341
3343
3344
3345
3347
3349
3350
3352
3354
3357
3358
3359
3360
3361
3363
3365
3366
3368
3369
3372
3373
3374
3375
3376
3378
3379
3381
3382
3383
3384
3385
3386
3387
3389
3390
3391
3392
3394
3395
3400
3401
3402
3403
3406
3408
3409
3410
3411
3412
3413
3414
3416
3420
3421
3422
3423
3424
3429
3430
3431
3433
3435
3437
3439
3443
3444
3446
3447
3448
3450
3451
3452
3454
3456
3457
3460
3461
3462
3466
3467
3468
3469
3470
3471
3472
3476
3477
3480
3481
3483
3484
3485
3486
3487
3488
3490
3493
3495
3498
3499
3500
3501
3502
3503
3505
3507
3508
3511
3512
3513
3514
3515
3516
3517
3518
3519
3520
3521
3523
3526
3528
3531
3532
3533
3534
3535
3537
3538
3539
3541
3542
3543
3544
3545
3548
3549
3550
3551
3553
3554
3555
3556
3557
3558
3559
3560
3563
3567
3568
3570
3571
3572
3573
3575
3576
3577
3578
3579
3581
3583
3584
3587
3588
3589
3591
3592
3593
3594
3595
3596
3597
3598
3599
3600
3601
3602
3603
3604
3605
3606
3607
3608
3609
3610
3611
3613
3614
3616
3617
3619
3620
3621
3622
3623
3624
3625
3626
3627
3630
3631
3632
3633
3635
3636
3637
3640
3641
3642
3644
3645
3647
3648
3649
3651
3655
3657
3659
3660
3661
3662
3663
3664
3665
3667
3668
3669
3670
3671
3672
3673
3675
3676
3677
3678
3679
3680
3681
3685
3686
3687
3688
3689
3690
3692
3693
3695
3696
3697
3700
3701
3705
3707
3708
3709
3710
3711
3712
3713
3714
3715
3716
3717
3718
3721
3722
3723
3724
3725
3726
3727
3728
3729
3730
3731
3732
3734
3735
3736
3737
3739
3741
3743
3744
3745
3746
3747
3748
3749
3753
3754
3755
3756
3757
3759
3761
3762
3763
3765
3767
3770
3771
3772
3774
3775
3776
3777
3778
3779
3780
3782
3783
3784
3787
3789
3790
3791
3794
3797
3798
3799
3800
3802
3803
3804
3805
3806
3807
3808
3809
3810
3812
3813
3814
3816
3817
3818
3819
3821
3822
3824
3825
3826
3828
3829
3830
3831
3833
3834
3836
3837
3838
3839
3840
3841
3842
3843
3844
3845
3846
3847
3848
3852
3853
3854
3855
3856
3858
3860
3862
3863
3865
3866
3867
3868
3869
3870
3871
3872
3873
3874
3875
3876
3877
3878
3879
3881
3882
3883
3884
3885
3886
3887
3888
3890
3891
3892
3893
3894
3896
3898
3901
3905
3906
3907
3908
3909
3910
3912
3913
3914
3915
3916
3917
3918
3922
3923
3925
3926
3927
3928
3929
3932
3933
3934
3935
3936
3937
3938
3940
3941
3942
3945
3946
3948
3949
3951
3952
3953
3954
3955
3956
3957
3958
3959
3960
3961
3963
3965
3966
3967
3968
3970
3971
3973
3974
3975
3976
3977
3979
3980
3981
3983
3984
3986
3990
3992
3994
3995
3996
3997
3999
4001
4002
4003
4004
4005
4006
4008
4009
4010
4011
4014
4016
4017
4018
4019
4021
4022
4023
4026
4028
4029
4031
4032
4033
4034
4036
4037
4038
4041
4042
4043
4044
4045
4046
4047
4048
4050
4052
4053
4056
4057
4058
4059
4060
4061
4064
4065
4067
4068
4072
4073
4074
4075
4076
4077
4079
4081
4083
4084
4087
4088
4089
4090
4091
4092
4094
4096
4097
4099
4101
4102
4105
4108
4109
4110
4111
4112
4115
4116
4117
4118
4119
4124
4125
4128
4129
4130
4133
4134
4136
4137
4140
4142
4144
4145
4146
4147
4151
4152
4155
4156
4157
4159
4160
4161
4164
4166
4167
4169
4170
4172
4173
4174
4175
4176
4178
4179
4180
4182
4183
4184
4185
4188
4190
4193
4195
4196
4198
4199
4201
4202
4203
4204
4205
4206
4208
4209
4210
4211
4212
4213
4214
4215
4217
4218
4219
4221
4222
4223
4227
4228
4229
4230
4235
4236
4237
4238
4240
4242
4243
4245
4246
4248
4249
4250
4251
4252
4253
4254
4255
4257
4258
4260
4261
4264
4265
4268
4269
4270
4272
4273
4275
4276
4277
4278
4280
4281
4282
4283
4286
4287
4288
4289
4290
4291
4292
4293
4294
4296
4297
4300
4304
4305
4306
4309
4310
4312
4314
4315
4316
4317
4318
4319
4320
4321
4322
4324
4326
4328
4331
4332
4333
4335
4336
4337
4338
4339
4340
4341
4342
4343
4344
4345
4346
4347
4348
4349
4351
4352
4353
4355
4359
4362
4364
4366
4367
4368
4369
4370
4371
4372
4373
4374
4375
4376
4378
4380
4381
4383
4384
4385
4386
4387
4389
4391
4392
4395
4398
4399
4400
4402
4404
4405
4411
4413
4414
4417
4421
4425
4427
4428
4429
4430
4432
4435
4438
4439
4440
4441
4442
4443
4444
4445
4446
4447
4449
4451
4452
4455
4456
4458
4460
4462
4464
4465
4466
4468
4469
4470
4471
4472
4473
4474
4475
4476
4479
4481
4482
4483
4484
4485
4486
4489
4490
4491
4492
4493
4494
4495
4497
4498
4501
4503
4506
4507
4509
4510
4511
4512
4513
4516
4517
4519
4520
4521
4524
4525
4526
4527
4528
4529
4534
4537
4540
4542
4543
4544
4545
4546
4547
4548
4550
4551
4554
4555
4556
4557
4558
4559
4560
4561
4563
4566
4567
4568
4569
4572
4573
4575
4578
4579
4580
4581
4582
4584
4586
4587
4588
4589
4591
4592
4593
4594
4595
4596
4597
4598
4599
4600
4601
4602
4603
4604
4605
4606
4608
4609
4610
4611
4612
4613
4614
4617
4618
4619
4623
4624
4629
4631
4634
4635
4637
4638
4639
4642
4643
4644
4646
4648
4649
4650
4651
4652
4654
4655
4656
4658
4659
4660
4661
4662
4663
4666
4667
4669
4670
4671
4672
4673
4674
4677
4679
4682
4683
4684
4685
4686
4687
4691
4692
4693
4694
4696
4697
4699
4700
4701
4702
4703
4704
4705
4706
4707
4710
4711
4712
4714
4715
4716
4717
4720
4721
4722
4723
4728
4729
4732
4733
4734
4735
4738
4740
4743
4745
4747
4750
4751
4752
4753
4754
4755
4756
4760
4761
4762
4764
4765
4768
4769
4770
4771
4772
4773
4774
4776
4777
4778
4780
4781
4783
4785
4786
4787
4788
4789
4791
4792
4793
4794
4796
4797
4799
4801
4802
4803
4804
4805
4807
4809
4810
4811
4812
4813
4814
4815
4817
4820
4821
4822
4823
4824
4825
4826
4827
4828
4829
4830
4831
4833
4834
4835
4837
4838
4839
4840
4841
4843
4845
4846
4847
4848
4849
4850
4852
4853
4854
4855
4858
4860
4866
4867
4869
4871
4872
4873
4874
4876
4877
4878
4879
4880
4882
4883
4884
4885
4886
4887
4888
4890
4891
4892
4894
4895
4896
4897
4898
4900
4901
4902
4904
4906
4907
4908
4913
4914
4916
4917
4918
4919
4920
4927
4928
4931
4933
4935
4936
4937
4938
4939
4941
4942
4944
4945
4947
4948
4949
4950
4951
4952
4954
4955
4957
4958
4959
4960
4962
4963
4964
4966
4970
4971
4972
4973
4974
4975
4978
4979
4981
4982
4983
4984
4985
4986
4987
4989
4990
4991
4994
4996
4997
4998
4999
5000
5001
5002
5003
5004
5005
5007
5010
5011
5012
5013
5014
5015
5017
5018
5019
5020
5021
5022
5025
5026
5027
5028
5029
5030
5031
5033
5034
5035
5036
5037
5038
5041
5042
5045
5048
5050
5051
5052
5053
5054
5055
5056
5057
5060
5061
5067
5068
5071
5072
5073
5074
5076
5079
5080
5082
5083
5084
5086
5087
5088
5089
5090
5091
5092
5093
5094
5095
5097
5098
5099
5100
5101
5102
5103
5104
5105
5107
5108
5109
5110
5111
5113
5117
5119
5120
5121
5123
5124
5127
5128
5129
5130
5132
5133
5134
5135
5136
5137
5138
5140
5141
5142
5143
5144
5145
5148
5149
5151
5152
5153
5154
5155
5156
5158
5160
5161
5163
5164
5165
5167
5168
5169
5170
5171
5172
5173
5174
5175
5176
5177
5179
5180
5181
5183
5184
5186
5187
5188
5191
5193
5194
5196
5197
5198
5199
5201
5203
5204
5206
5207
5208
5209
5211
5212
5215
5216
5217
5218
5219
5220
5221
5223
5225
5226
5227
5228
5229
5230
5231
5232
5233
5234
5236
5237
5238
5239
5241
5242
5243
5244
5247
5248
5250
5251
5252
5253
5258
5259
5260
5261
5262
5264
5265
5266
5267
5268
5269
5270
5271
5272
5273
5274
5275
5276
5277
5278
5280
5281
5282
5283
5284
5287
5288
5289
5290
5291
5293
5294
5296
5297
5298
5299
5300
5301
5302
5306
5307
5309
5310
5311
5313
5314
5315
5316
5317
5318
5320
5321
5322
5323
5324
5325
5327
5328
5329
5330
5331
5332
5334
5336
5337
5338
5341
5342
5345
5346
5347
5349
5351
5352
5353
5354
5356
5357
5359
5360
5361
5362
5363
5364
5366
5368
5369
5373
5375
5376
5377
5378
5379
5380
5382
5383
5386
5387
5388
5389
5390
5391
5395
5396
5397
5398
5399
5400
5401
5402
5403
5404
5407
5409
5410
5411
5413
5414
5415
5416
5417
5419
5420
5421
5423
5425
5426
5429
5430
5432
5433
5435
5436
5437
5438
5440
5441
5443
5444
5445
5446
5448
5449
5452
5456
5457
5460
5461
5464
5466
5467
5468
5469
5474
5475
5476
5477
5478
5479
5480
5482
5484
5485
5486
5488
5489
5492
5494
5496
5498
5500
5501
5503
5504
5505
5506
5508
5509
5510
5512
5513
5516
5519
5520
5522
5523
5524
5525
5527
5530
5533
5534
5535
5536
5537
5538
5539
5540
5541
5542
5543
5547
5550
5551
5552
5553
5554
5555
5557
5558
5560
5561
5562
5564
5565
5566
5567
5568
5569
5570
5571
5573
5575
5577
5579
5580
5581
5582
5584
5585
5586
5587
5591
5593
5594
5595
5596
5598
5599
5601
5603
5604
5605
5606
5607
5608
5609
5610
5611
5612
5613
5615
5616
5617
5618
5619
5622
5624
5625
5626
5628
5629
5632
5634
5635
5636
5637
5638
5639
5641
5642
5644
5647
5648
5649
5650
5651
5652
5653
5654
5655
5657
5658
5659
5660
5662
5663
5664
5665
5666
5667
5668
5669
5672
5674
5675
5677
5679
5680
5681
5682
5684
5685
5688
5689
5690
5691
5693
5694
5696
5697
5698
5699
5700
5702
5704
5706
5708
5709
5711
5714
5715
5718
5719
5722
5723
5724
5725
5727
5729
5730
5732
5733
5734
5735
5736
5737
5740
5742
5743
5745
5747
5748
5749
5751
5752
5753
5755
5756
5757
5758
5759
5760
5761
5762
5763
5769
5770
5771
5774
5775
5777
5778
5779
5780
5784
5785
5787
5788
5790
5791
5792
5794
5796
5797
5798
5800
5803
5804
5806
5807
5808
5809
5810
5811
5812
5814
5815
5816
5817
5818
5819
5820
5821
5822
5823
5824
5825
5826
5827
5828
5829
5830
5831
5832
5833
5834
5835
5836
5839
5840
5843
5844
5845
5846
5847
5848
5850
5851
5853
5854
5855
5856
5858
5859
5860
5861
5863
5866
5868
5869
5870
5871
5872
5873
5875
5876
5877
5878
5880
5881
5882
5883
5886
5887
5890
5892
5894
5895
5897
5898
5899
5902
5903
5905
5906
5908
5909
5910
5911
5912
5915
5916
5917
5918
5919
5921
5922
5928
5929
5930
5932
5934
5935
5936
5937
5938
5939
5941
5942
5944
5945
5947
5948
5949
5950
5951
5952
5953
5954
5955
5956
5958
5962
5963
5964
5965
5966
5967
5969
5970
5971
5972
5973
5974
5976
5977
5978
5980
5981
5982
5983
5984
5986
5987
5988
5989
5990
5991
5992
5995
5996
5998
6001
6002
6003
6004
6006
6007
6009
6013
6014
6015
6017
6018
6019
6020
6021
6022
6024
6026
6027
6028
6029
6033
6036
6037
6038
6039
6040
6041
6042
6043
6045
6047
6050
6052
6055
6057
6058
6059
6060
6062
6063
6065
6066
6067
6070
6071
6072
6073
6074
6076
6078
6079
6080
6081
6082
6083
6085
6086
6088
6089
6090
6091
6092
6093
6095
6097
6098
6099
6103
6105
6106
6107
6109
6111
6115
6117
6118
6119
6121
6122
6123
6124
6126
6130
6132
6133
6134
6135
6137
6138
6139
6141
6142
6143
6145
6146
6149
6151
6152
6153
6154
6157
6159
6160
6162
6163
6164
6165
6166
6168
6171
6173
6174
6175
6176
6177
6181
6182
6183
6184
6185
6186
6189
6190
6191
6192
6193
6194
6195
6196
6197
6199
6200
6201
6204
6205
6206
6207
6208
6210
6212
6213
6214
6217
6218
6219
6220
6221
6222
6223
6225
6226
6227
6228
6230
6231
6232
6234
6235
6236
6238
6239
6240
6241
6242
6243
6244
6245
6246
6247
6248
6250
6251
6254
6255
6257
6258
6259
6261
6262
6264
6265
6266
6267
6268
6269
6270
6271
6272
6273
6274
6276
6277
6279
6280
6281
6282
6283
6284
6285
6286
6287
6288
6289
6290
6292
6293
6294
6295
6296
6298
6299
6300
6302
6303
6306
6307
6311
6312
6313
6314
6315
6316
6318
6319
6322
6324
6325
6326
6327
6328
6329
6330
6333
6335
6336
6337
6338
6340
6341
6342
6343
6345
6346
6347
6349
6351
6353
6354
6355
6357
6358
6359
6360
6361
6363
6364
6365
6366
6368
6369
6371
6372
6373
6374
6375
6376
6377
6378
6379
6380
6382
6384
6385
6386
6387
6388
6390
6391
6392
6393
6395
6396
6397
6398
6400
6402
6405
6406
6407
6408
6409
6410
6412
6413
6414
6415
6416
6417
6419
6420
6421
6422
6425
6427
6428
6429
6431
6432
6433
6435
6436
6437
6440
6443
6444
6446
6448
6451
6452
6453
6457
6459
6460
6461
6462
6463
6464
6465
6466
6468
6471
6472
6474
6475
6477
6478
6480
6481
6483
6486
6489
6490
6492
6493
6494
6495
6496
6497
6498
6500
6502
6504
6505
6506
6507
6511
6512
6513
6514
6515
6516
6517
6518
6519
6520
6521
6522
6525
6527
6528
6529
6530
6531
6532
6533
6535
6537
6539
6540
6541
6542
6543
6544
6545
6546
6547
6549
6550
6551
6553
6554
6555
6556
6557
6559
6560
6561
6562
6563
6564
6566
6567
6569
6571
6572
6573
6575
6577
6581
6582
6583
6584
6585
6590
6592
6594
6595
6596
6598
6602
6603
6605
6607
6608
6610
6613
6615
6616
6619
6620
6621
6623
6624
6626
6629
6631
6632
6636
6638
6639
6641
6642
6644
6645
6647
6648
6650
6651
6652
6654
